43874587711
83792917610
57441040469
21914181719
66299168595
81317568826
10812974336
20902702841
14084321451
12714314244
04311679157
79343964145
01330108566
27838689465
39863121290
92329567138
32409184634
70082075913
23926500042
19128401621
68446402858
80603244033
84202682246
25453298006
71073601161
52138000419
84074560208
58319008352
90974331937
98508720041
54602780581
25383558349
91176629824
61778262104
82577850328
93594086623
64491421110
27260156384
73241452808
87171870871
12410471031
68276911013
19033210428
35783143588
17005670817
90750261714
48008661623
65495829115
69601664114
91766673831
51517582415
41609626966
89914732291
64198931356
55215970262
12071526414
89015359121
13272566732
24047787302
80685890317
28129016672
32478053624
58096895583
97842581967
37906042328
97159655125
08712550493
17496700381
13309763048
49130682290
01937753115
32018870645
71787923101
16220584457
60282704663
83279828694
22876338203
75678500112
40581492315
63659721050
61011691213
94132790819
58498200431
44001624354
48238218901
43082027520
40626999669
70604418248
50119463814
85712294575
03517530115
92844338437
93679534965
61167375521
05030743571
95347893486
46723667158
63645990283
80051857316
54931581323
